diary on
assignment2
Input end effector location: (eg. [925; 149.1; 20.3])
(Enter 0 for default):
[-194.3644; 291.7372; 777.6232];
Input approach vector k: (eg. [1;0;0])
(Enter 0 for default):
[-0.7544; 0.1330; 0.6428]
Input sliding vector j: (eg. [0;-1;0])
(Enter 0 for default):
[0.5355; -0.4417; 0.7198]
Results: each column is a unique solution within joint limits (theta1-6)
  -35.1152  -34.5566  -34.5566  -34.5566   89.9960   89.9960   89.9960   90.5546   90.5546   90.5546
 -132.3022  -87.1091  -87.1091  -87.1091  -45.1023  -45.1023  -45.1023  -90.1009  -90.1009  -90.1009
  -45.0000   45.0000   45.0000   45.0000   45.0000   45.0000   45.0000  -45.0000  -45.0000  -45.0000
   24.2122 -105.0930 -105.0930   74.9070 -100.0790   79.9210   79.9210  -64.8014  115.1986  115.1986
  -52.4509   19.2537   19.2537  -19.2537  -50.0169   50.0169   50.0169  -56.3336   56.3336   56.3336
   71.4438 -167.6881  192.3119   12.3119   70.1314 -109.8686  250.1314   13.5129 -166.4871  193.5129

10 solutions found.
Results:
Input (theta1-6):
  -35.1152 -132.3022  -45.0000   24.2122  -52.4509   71.4438

T:
   -0.3797    0.5355   -0.7544 -196.0717
   -0.8872   -0.4417    0.1330  296.3035
   -0.2620    0.7198    0.6428  792.0716
         0         0         0    1.0000

J:
 -296.3035  647.9126 -387.7647   -9.0154   37.7077    0.0000
 -196.0717 -455.6168  272.6789  -46.6988   -8.1831    0.0000
         0  330.8264  -41.4187   -0.9183   45.9475    0.0000
         0    0.5752   -0.5752    0.0385    0.1895   -0.7544
         0    0.8180   -0.8180   -0.0271    0.9817    0.1330
    1.0000         0         0    0.9989    0.0193    0.6428

Results:
Input (theta1-6):
  -34.5566  -87.1091   45.0000 -105.0930   19.2537 -167.6881

T:
   -0.3797    0.5355   -0.7544 -195.4571
   -0.8872   -0.4417    0.1330  292.4654
   -0.2620    0.7198    0.6428  777.1218
         0         0         0    1.0000

J:
 -292.4654  640.0112 -286.3285    8.7491  -29.1068    0.0000
 -195.4571 -440.7993  197.2049  -12.2813  -46.3595    0.0000
         0  326.8641 -348.5511   12.8091  -24.5681    0.0000
         0    0.5672   -0.5672   -0.5522    0.4422   -0.7544
         0    0.8236   -0.8236    0.3803   -0.6207    0.1330
    1.0000         0         0    0.7419    0.6474    0.6428

Results:
Input (theta1-6):
  -34.5566  -87.1091   45.0000 -105.0930   19.2537  192.3119

T:
   -0.3797    0.5355   -0.7544 -195.4571
   -0.8872   -0.4417    0.1330  292.4654
   -0.2620    0.7198    0.6428  777.1218
         0         0         0    1.0000

J:
 -292.4654  640.0112 -286.3285    8.7491  -29.1068    0.0000
 -195.4571 -440.7993  197.2049  -12.2813  -46.3595    0.0000
         0  326.8641 -348.5511   12.8091  -24.5681    0.0000
         0    0.5672   -0.5672   -0.5522    0.4422   -0.7544
         0    0.8236   -0.8236    0.3803   -0.6207    0.1330
    1.0000         0         0    0.7419    0.6474    0.6428

Results:
Input (theta1-6):
  -34.5566  -87.1091   45.0000   74.9070  -19.2537   12.3119

T:
   -0.3797    0.5355   -0.7544 -195.4571
   -0.8872   -0.4417    0.1330  292.4654
   -0.2620    0.7198    0.6428  777.1218
         0         0         0    1.0000

J:
 -292.4654  640.0112 -286.3285    8.7491   29.1068    0.0000
 -195.4571 -440.7993  197.2049  -12.2813   46.3595    0.0000
         0  326.8641 -348.5511   12.8091   24.5681    0.0000
         0    0.5672   -0.5672   -0.5522   -0.4422   -0.7544
         0    0.8236   -0.8236    0.3803    0.6207    0.1330
    1.0000         0         0    0.7419   -0.6474    0.6428

Results:
Input (theta1-6):
   89.9960  -45.1023   45.0000 -100.0790  -50.0169   70.1314

T:
   -0.3797    0.5355   -0.7544 -194.3444
   -0.8872   -0.4417    0.1330  290.4261
   -0.2620    0.7198    0.6428  778.1293
         0         0         0    1.0000

J:
 -290.4261    0.0539   -0.0328   -8.0489   37.9582    0.0000
 -194.3444  778.1293 -473.5310  -45.2639   -6.8319    0.0000
         0 -290.4126  -13.1000   -0.0808   45.9619    0.0000
         0   -1.0000    1.0000   -0.0000    0.1751   -0.7544
         0    0.0001   -0.0001   -0.0018    0.9846    0.1330
    1.0000         0         0    1.0000    0.0018    0.6428

Results:
Input (theta1-6):
   89.9960  -45.1023   45.0000   79.9210   50.0169 -109.8686

T:
   -0.3797    0.5355   -0.7544 -194.3444
   -0.8872   -0.4417    0.1330  290.4261
   -0.2620    0.7198    0.6428  778.1293
         0         0         0    1.0000

J:
 -290.4261    0.0539   -0.0328   -8.0489  -37.9582    0.0000
 -194.3444  778.1293 -473.5310  -45.2639    6.8319    0.0000
         0 -290.4126  -13.1000   -0.0808  -45.9619    0.0000
         0   -1.0000    1.0000   -0.0000   -0.1751   -0.7544
         0    0.0001   -0.0001   -0.0018   -0.9846    0.1330
    1.0000         0         0    1.0000   -0.0018    0.6428

Results:
Input (theta1-6):
   89.9960  -45.1023   45.0000   79.9210   50.0169  250.1314

T:
   -0.3797    0.5355   -0.7544 -194.3444
   -0.8872   -0.4417    0.1330  290.4261
   -0.2620    0.7198    0.6428  778.1293
         0         0         0    1.0000

J:
 -290.4261    0.0539   -0.0328   -8.0489  -37.9582    0.0000
 -194.3444  778.1293 -473.5310  -45.2639    6.8319    0.0000
         0 -290.4126  -13.1000   -0.0808  -45.9619    0.0000
         0   -1.0000    1.0000   -0.0000   -0.1751   -0.7544
         0    0.0001   -0.0001   -0.0018   -0.9846    0.1330
    1.0000         0         0    1.0000   -0.0018    0.6428

Results:
Input (theta1-6):
   90.5546  -90.1009  -45.0000  -64.8014  -56.3336   13.5129

T:
   -0.3797    0.5355   -0.7544 -197.1825
   -0.8872   -0.4417    0.1330  298.4354
   -0.2620    0.7198    0.6428  791.0289
         0         0         0    1.0000

J:
 -298.4354   -7.6565    3.4944   21.5697   29.6565   -0.0000
 -197.1825  790.9919 -361.0127  -31.7993   45.5687    0.0000
         0 -300.3300  301.0875   31.8940   25.3768   -0.0000
         0   -1.0000    1.0000   -0.0068   -0.4319   -0.7544
         0   -0.0097    0.0097    0.7058    0.6368    0.1330
    1.0000         0         0    0.7084   -0.6387    0.6428

Results:
Input (theta1-6):
   90.5546  -90.1009  -45.0000  115.1986   56.3336 -166.4871

T:
   -0.3797    0.5355   -0.7544 -197.1825
   -0.8872   -0.4417    0.1330  298.4354
   -0.2620    0.7198    0.6428  791.0289
         0         0         0    1.0000

J:
 -298.4354   -7.6565    3.4944   21.5697  -29.6565    0.0000
 -197.1825  790.9919 -361.0127  -31.7993  -45.5687    0.0000
         0 -300.3300  301.0875   31.8940  -25.3768    0.0000
         0   -1.0000    1.0000   -0.0068    0.4319   -0.7544
         0   -0.0097    0.0097    0.7058   -0.6368    0.1330
    1.0000         0         0    0.7084    0.6387    0.6428

Results:
Input (theta1-6):
   90.5546  -90.1009  -45.0000  115.1986   56.3336  193.5129

T:
   -0.3797    0.5355   -0.7544 -197.1825
   -0.8872   -0.4417    0.1330  298.4354
   -0.2620    0.7198    0.6428  791.0289
         0         0         0    1.0000

J:
 -298.4354   -7.6565    3.4944   21.5697  -29.6565    0.0000
 -197.1825  790.9919 -361.0127  -31.7993  -45.5687    0.0000
         0 -300.3300  301.0875   31.8940  -25.3768    0.0000
         0   -1.0000    1.0000   -0.0068    0.4319   -0.7544
         0   -0.0097    0.0097    0.7058   -0.6368    0.1330
    1.0000         0         0    0.7084    0.6387    0.6428

diary off
