diary on
assignment2
Input end effector location: (eg. [925; 149.1; 20.3])
(Enter 0 for default):
[877.411; 307.9485; -64.6293]
Input approach vector k: (eg. [1;0;0])
(Enter 0 for default):
[0.9646; 0.2007; -0.1710]
Input sliding vector j: (eg. [0;-1;0])
(Enter 0 for default):
[0.1336; -0.9311; -0.3394];
Results: each column is a unique solution within joint limits (theta1-6)
 -150.2932 -150.2932 -150.2932    9.9991   10.0387   10.0387   10.0387
 -177.2683 -177.2683 -177.2683    9.9795   -0.0403   -0.0403   -0.0403
    9.9990    9.9990    9.9990    9.9990   -9.9990   -9.9990   -9.9990
  -80.4561   99.5439   99.5439    9.9850  -86.3315  -86.3315   93.6685
  -17.9365   17.9365   17.9365   10.0190   -1.6931   -1.6931    1.6931
  -76.7010 -256.7010  103.2990   10.0135 -253.8140  106.1860  -73.8140

7 solutions found.
Results:
Input (theta1-6):
 -150.2932 -177.2683    9.9990  -80.4561  -17.9365  -76.7010

T:
    0.2273    0.1336    0.9646  877.3904
   -0.3045   -0.9311    0.2007  307.9521
    0.9250   -0.3394   -0.1710  -64.9309
         0         0         0    1.0000

J:
 -307.9521   56.3972  -74.1972   -3.5204  -10.9368    0.0000
  877.3904   32.1773  -42.3330    1.5187   58.5719   -0.0000
         0  914.6867 -485.1754  -18.0756    7.0512    0.0000
         0    0.4956   -0.4956    0.8616    0.1905    0.9646
         0   -0.8686    0.8686    0.4916   -0.0822    0.2007
    1.0000         0         0   -0.1265    0.9782   -0.1710

Results:
Input (theta1-6):
 -150.2932 -177.2683    9.9990   99.5439   17.9365 -256.7010

T:
    0.2273    0.1336    0.9646  877.3904
   -0.3045   -0.9311    0.2007  307.9521
    0.9250   -0.3394   -0.1710  -64.9309
         0         0         0    1.0000

J:
 -307.9521   56.3972  -74.1972   -3.5204   10.9368    0.0000
  877.3904   32.1773  -42.3330    1.5187  -58.5719    0.0000
         0  914.6867 -485.1754  -18.0756   -7.0512    0.0000
         0    0.4956   -0.4956    0.8616   -0.1905    0.9646
         0   -0.8686    0.8686    0.4916    0.0822    0.2007
    1.0000         0         0   -0.1265   -0.9782   -0.1710

Results:
Input (theta1-6):
 -150.2932 -177.2683    9.9990   99.5439   17.9365  103.2990

T:
    0.2273    0.1336    0.9646  877.3904
   -0.3045   -0.9311    0.2007  307.9521
    0.9250   -0.3394   -0.1710  -64.9309
         0         0         0    1.0000

J:
 -307.9521   56.3972  -74.1972   -3.5204   10.9368    0.0000
  877.3904   32.1773  -42.3330    1.5187  -58.5719    0.0000
         0  914.6867 -485.1754  -18.0756   -7.0512    0.0000
         0    0.4956   -0.4956    0.8616   -0.1905    0.9646
         0   -0.8686    0.8686    0.4916    0.0822    0.2007
    1.0000         0         0   -0.1265   -0.9782   -0.1710

Results:
Input (theta1-6):
    9.9991    9.9795    9.9990    9.9850   10.0190   10.0135

T:
    0.2273    0.1336    0.9646  877.4352
   -0.3045   -0.9311    0.2007  307.9390
    0.9250   -0.3394   -0.1710  -64.3282
         0         0         0    1.0000

J:
 -307.9390  -63.3511  -10.0339   -1.7856  -12.0391   -0.0000
  877.4352  -11.1695   -1.7691   10.1241    8.2802    0.0000
         0 -917.5756  494.0816    1.8099  -58.1936         0
         0   -0.1736    0.1736    0.9848   -0.1711    0.9646
         0    0.9848   -0.9848    0.1736    0.9699    0.2007
    1.0000         0         0    0.0003    0.1734   -0.1710

Results:
Input (theta1-6):
   10.0387   -0.0403   -9.9990  -86.3315   -1.6931 -253.8140

T:
    0.2273    0.1336    0.9646  880.6466
   -0.3045   -0.9311    0.2007  309.1095
    0.9250   -0.3394   -0.1710  -65.1925
         0         0         0    1.0000

J:
 -309.1095  -64.1944   64.4920    0.3210   11.4986    0.0000
  880.6466  -11.3639   11.4166   -0.0584  -58.7459    0.0000
         0 -921.0459  491.0460    1.7425   -4.0861    0.0000
         0   -0.1743    0.1743    0.9699   -0.1811    0.9646
         0    0.9847   -0.9847    0.1717    0.0329    0.2007
    1.0000         0         0   -0.1729   -0.9829   -0.1710

Results:
Input (theta1-6):
   10.0387   -0.0403   -9.9990  -86.3315   -1.6931  106.1860

T:
    0.2273    0.1336    0.9646  880.6466
   -0.3045   -0.9311    0.2007  309.1095
    0.9250   -0.3394   -0.1710  -65.1925
         0         0         0    1.0000

J:
 -309.1095  -64.1944   64.4920    0.3210   11.4986    0.0000
  880.6466  -11.3639   11.4166   -0.0584  -58.7459    0.0000
         0 -921.0459  491.0460    1.7425   -4.0861    0.0000
         0   -0.1743    0.1743    0.9699   -0.1811    0.9646
         0    0.9847   -0.9847    0.1717    0.0329    0.2007
    1.0000         0         0   -0.1729   -0.9829   -0.1710

Results:
Input (theta1-6):
   10.0387   -0.0403   -9.9990   93.6685    1.6931  -73.8140

T:
    0.2273    0.1336    0.9646  880.6466
   -0.3045   -0.9311    0.2007  309.1095
    0.9250   -0.3394   -0.1710  -65.1925
         0         0         0    1.0000

J:
 -309.1095  -64.1944   64.4920    0.3210  -11.4986    0.0000
  880.6466  -11.3639   11.4166   -0.0584   58.7459    0.0000
         0 -921.0459  491.0460    1.7425    4.0861    0.0000
         0   -0.1743    0.1743    0.9699    0.1811    0.9646
         0    0.9847   -0.9847    0.1717   -0.0329    0.2007
    1.0000         0         0   -0.1729    0.9829   -0.1710

diary off
