diary on
assignment2
Input end effector location: (eg. [925; 149.1; 20.3])
(Enter 0 for default):
[317;506;673]
Input approach vector k: (eg. [1;0;0])
(Enter 0 for default):
[0.769;0.401;0.498]
Input sliding vector j: (eg. [0;-1;0])
(Enter 0 for default):
[-0.389;-0.325;0.862]
Results: each column is a unique solution within joint limits (theta1-6)
 -103.8688 -103.8688 -103.8688 -103.6887 -103.6887 -103.6887   45.0150   45.0150   45.0150   45.1951   45.1951   45.1951
 -142.2710 -142.2710 -142.2710 -114.2947 -114.2947 -114.2947  -35.0615  -35.0615  -35.0615  -62.9885  -62.9885  -62.9885
  -27.8942  -27.8942  -27.8942   27.8942   27.8942   27.8942   27.8942   27.8942   27.8942  -27.8942  -27.8942  -27.8942
  -64.0209  -64.0209  115.9791  -93.7733  -93.7733   86.2267  -27.0347  152.9653  152.9653  -75.5736  104.4264  104.4264
  -46.3455  -46.3455   46.3455  -40.8154  -40.8154   40.8154   34.9542  -34.9542  -34.9542   15.7578  -15.7578  -15.7578
 -238.4509  121.5491  -58.4509 -198.4084  161.5916  -18.4084  -69.9949 -249.9949  110.0051  -17.7526 -197.7526  162.2474

12 solutions found.
Results:
Input (theta1-6):
 -103.8688 -142.2710  -27.8942  -64.0209  -46.3455 -238.4509

T:
   -0.5075   -0.3889    0.7689  319.8776
    0.8565   -0.3249    0.4010  510.7539
    0.0939    0.8621    0.4980  680.8479
         0         0         0    1.0000

J:
 -510.7539 -163.1993  100.1273   -9.9413  -35.8143   -0.0000
  319.8776 -660.9992  405.5415   39.0673   10.2758   -0.0000
         0  572.5386 -232.4455  -16.1068   47.0292    0.0000
         0    0.9708   -0.9708    0.0989    0.2290    0.7689
         0   -0.2397    0.2397    0.4007   -0.8999    0.4010
    1.0000         0         0    0.9109    0.3710    0.4980

Results:
Input (theta1-6):
 -103.8688 -142.2710  -27.8942  -64.0209  -46.3455  121.5491

T:
   -0.5075   -0.3889    0.7689  319.8776
    0.8565   -0.3249    0.4010  510.7539
    0.0939    0.8621    0.4980  680.8479
         0         0         0    1.0000

J:
 -510.7539 -163.1993  100.1273   -9.9413  -35.8143   -0.0000
  319.8776 -660.9992  405.5415   39.0673   10.2758   -0.0000
         0  572.5386 -232.4455  -16.1068   47.0292    0.0000
         0    0.9708   -0.9708    0.0989    0.2290    0.7689
         0   -0.2397    0.2397    0.4007   -0.8999    0.4010
    1.0000         0         0    0.9109    0.3710    0.4980

Results:
Input (theta1-6):
 -103.8688 -142.2710  -27.8942  115.9791   46.3455  -58.4509

T:
   -0.5075   -0.3889    0.7689  319.8776
    0.8565   -0.3249    0.4010  510.7539
    0.0939    0.8621    0.4980  680.8479
         0         0         0    1.0000

J:
 -510.7539 -163.1993  100.1273   -9.9413   35.8143   -0.0000
  319.8776 -660.9992  405.5415   39.0673  -10.2758   -0.0000
         0  572.5386 -232.4455  -16.1068  -47.0292    0.0000
         0    0.9708   -0.9708    0.0989   -0.2290    0.7689
         0   -0.2397    0.2397    0.4007    0.8999    0.4010
    1.0000         0         0    0.9109   -0.3710    0.4980

Results:
Input (theta1-6):
 -103.6887 -114.2947   27.8942  -93.7733  -40.8154 -198.4084

T:
   -0.5075   -0.3889    0.7689  317.1401
    0.8565   -0.3249    0.4010  506.6593
    0.0939    0.8621    0.4980  672.4407
         0         0         0    1.0000

J:
 -506.6593 -159.1311   66.3844    8.1849  -36.2581   -0.0000
  317.1401 -653.3405  272.5529   22.6983   42.6058    0.0000
         0  567.3183 -390.4036  -30.9161   21.6817    0.0000
         0    0.9716   -0.9716    0.1870   -0.2087    0.7689
         0   -0.2366    0.2366    0.7676   -0.5788    0.4010
    1.0000         0         0    0.6131    0.7883    0.4980

Results:
Input (theta1-6):
 -103.6887 -114.2947   27.8942  -93.7733  -40.8154  161.5916

T:
   -0.5075   -0.3889    0.7689  317.1401
    0.8565   -0.3249    0.4010  506.6593
    0.0939    0.8621    0.4980  672.4407
         0         0         0    1.0000

J:
 -506.6593 -159.1311   66.3844    8.1849  -36.2581   -0.0000
  317.1401 -653.3405  272.5529   22.6983   42.6058    0.0000
         0  567.3183 -390.4036  -30.9161   21.6817    0.0000
         0    0.9716   -0.9716    0.1870   -0.2087    0.7689
         0   -0.2366    0.2366    0.7676   -0.5788    0.4010
    1.0000         0         0    0.6131    0.7883    0.4980

Results:
Input (theta1-6):
 -103.6887 -114.2947   27.8942   86.2267   40.8154  -18.4084

T:
   -0.5075   -0.3889    0.7689  317.1401
    0.8565   -0.3249    0.4010  506.6593
    0.0939    0.8621    0.4980  672.4407
         0         0         0    1.0000

J:
 -506.6593 -159.1311   66.3844    8.1849   36.2581   -0.0000
  317.1401 -653.3405  272.5529   22.6983  -42.6058         0
         0  567.3183 -390.4036  -30.9161  -21.6817    0.0000
         0    0.9716   -0.9716    0.1870    0.2087    0.7689
         0   -0.2366    0.2366    0.7676    0.5788    0.4010
    1.0000         0         0    0.6131   -0.7883    0.4980

Results:
Input (theta1-6):
   45.0150  -35.0615   27.8942  -27.0347   34.9542  -69.9949

T:
   -0.5075   -0.3889    0.7689  316.5320
    0.8565   -0.3249    0.4010  505.5099
    0.0939    0.8621    0.4980  673.5582
         0         0         0    1.0000

J:
 -505.5099  476.1528 -301.5322  -11.8191   32.3401   -0.0000
  316.5320  476.4023 -301.6901   31.4881    0.7379         0
         0 -581.3064  229.3358   -7.1042  -50.5329    0.0000
         0   -0.7073    0.7073    0.3214   -0.3438    0.7689
         0    0.7069   -0.7069    0.3216    0.9160    0.4010
    1.0000         0         0    0.8907   -0.2067    0.4980

Results:
Input (theta1-6):
   45.0150  -35.0615   27.8942  152.9653  -34.9542 -249.9949

T:
   -0.5075   -0.3889    0.7689  316.5320
    0.8565   -0.3249    0.4010  505.5099
    0.0939    0.8621    0.4980  673.5582
         0         0         0    1.0000

J:
 -505.5099  476.1528 -301.5322  -11.8191  -32.3401   -0.0000
  316.5320  476.4023 -301.6901   31.4881   -0.7379         0
         0 -581.3064  229.3358   -7.1042   50.5329    0.0000
         0   -0.7073    0.7073    0.3214    0.3438    0.7689
         0    0.7069   -0.7069    0.3216   -0.9160    0.4010
    1.0000         0         0    0.8907    0.2067    0.4980

Results:
Input (theta1-6):
   45.0150  -35.0615   27.8942  152.9653  -34.9542  110.0051

T:
   -0.5075   -0.3889    0.7689  316.5320
    0.8565   -0.3249    0.4010  505.5099
    0.0939    0.8621    0.4980  673.5582
         0         0         0    1.0000

J:
 -505.5099  476.1528 -301.5322  -11.8191  -32.3401   -0.0000
  316.5320  476.4023 -301.6901   31.4881   -0.7379         0
         0 -581.3064  229.3358   -7.1042   50.5329    0.0000
         0   -0.7073    0.7073    0.3214    0.3438    0.7689
         0    0.7069   -0.7069    0.3216   -0.9160    0.4010
    1.0000         0         0    0.8907    0.2067    0.4980

Results:
Input (theta1-6):
   45.1951  -62.9885  -27.8942  -75.5736   15.7578  -17.7526

T:
   -0.5075   -0.3889    0.7689  320.5603
    0.8565   -0.3249    0.4010  511.9384
    0.0939    0.8621    0.4980  679.6728
         0         0         0    1.0000

J:
 -511.9384  478.9619 -208.9977    3.5132   36.1124   -0.0000
  320.5603  482.2350 -210.4259    9.2978  -43.0005   -0.0000
         0 -589.1228  393.8304  -12.9118  -21.1390    0.0000
         0   -0.7095    0.7095    0.5766    0.2156    0.7689
         0    0.7047   -0.7047    0.5805    0.5706    0.4010
    1.0000         0         0    0.5749   -0.7924    0.4980

Results:
Input (theta1-6):
   45.1951  -62.9885  -27.8942  104.4264  -15.7578 -197.7526

T:
   -0.5075   -0.3889    0.7689  320.5603
    0.8565   -0.3249    0.4010  511.9384
    0.0939    0.8621    0.4980  679.6728
         0         0         0    1.0000

J:
 -511.9384  478.9619 -208.9977    3.5132  -36.1124   -0.0000
  320.5603  482.2350 -210.4259    9.2978   43.0005   -0.0000
         0 -589.1228  393.8304  -12.9118   21.1390    0.0000
         0   -0.7095    0.7095    0.5766   -0.2156    0.7689
         0    0.7047   -0.7047    0.5805   -0.5706    0.4010
    1.0000         0         0    0.5749    0.7924    0.4980

Results:
Input (theta1-6):
   45.1951  -62.9885  -27.8942  104.4264  -15.7578  162.2474

T:
   -0.5075   -0.3889    0.7689  320.5603
    0.8565   -0.3249    0.4010  511.9384
    0.0939    0.8621    0.4980  679.6728
         0         0         0    1.0000

J:
 -511.9384  478.9619 -208.9977    3.5132  -36.1124   -0.0000
  320.5603  482.2350 -210.4259    9.2978   43.0005   -0.0000
         0 -589.1228  393.8304  -12.9118   21.1390    0.0000
         0   -0.7095    0.7095    0.5766   -0.2156    0.7689
         0    0.7047   -0.7047    0.5805   -0.5706    0.4010
    1.0000         0         0    0.5749    0.7924    0.4980

diary off
